;MwsID
30001003
30001015
30001023
30001047
30001048
30001056
30001070
30001075
30001076
30001085
30001101
30001108
30001110
30001116
30001117
30001118
30001126
30001128
30001138
30001154
30001157
30001166
30001174
30001176
30001178
30001179
30001181
30001188
30001190
30001197
30001199
30001203
30001205
30001207
30001208
30001211
30001212
30001213
30001215
30001216
30001220
30001221
30001226
30001228
30001231
30001237
30001241
30001245
30001252
30001259
30001262
30001263
30001264
30001265
30001267
30001268
30001273
30001274
30001280
30001282
30001296
30001297
30001298
30001299
30001300
30001301
30001302
30001303
30001318
30001322
30001323
30001324
30001325
30001329
30001336
30001337
30001343
30001344
30001345
30001352
30001353
30001354
30001355
30001356
30001361
30001365
30001367
30001368
30001372
30001378
30001379
30001382
30001383
30001384
30001385
30001386
30001389
30001395
30001396
30001397
30001398
30001399
30001403
30001404
30001414
30001415
30001417
30001418
30001419
30001420
30001421
30001424
30001426
30001430
30001431
30001432
30001435
30001436
30001438
30001441
30001442
30001443
30001445
30001446
30001447
30001448
30001449
30001450
30001454
30001455
30001459
30001460
30001464
30001465
30001467
30001468
30001471
30001472
30001475
30001477
30001480
30001482
30001484
30001488
30001491
30001492
30001493
30001494
30001495
30001497
30001499
30001500
30001501
30001502
30001503
30001504
30001505
30001506
30001507
30001508
30001509
30001510
30001511
30001512
30001513
30001515
30001516
30001517
30001519
30001521
30001522
30001523
30001524
30001525
30001526
30001527
30001528
30001529
30001530
30000010
30000020
80001011
80001012
80001013
80001014
80001015
80001016
80001017
80001018
80001019
80001020
80001021
80001022
80001023
80001024
80001025
80001026
80001027
80001028
80001029
80001030
80001031
80001032
80001033
80001034
80001035
80001036
80001037
80001038
80001039
80001040
80001041
80001042
80001043
80001044
80001045
80001046
80001047
80001048
80001049
80001050
80001051
80001052
80001053
80001054
80001055
80001056
80001057
80001058
80001059
80001060
80001061
80001062
80001063
80001064
80001065
80001066
80001067
80001068
80001069
80001070
80001071
80001072
80001073
80001074
80001075
80001076
80001077
80001078
80001079
80001080
80001081
80001082
80001083
80001084
80001085
80001086
80001087
80001088
80001089
80001090
80001091
80001092
80001093
80001094
80001095
80001096
80001097
80001098
80001099
80001100
80001101
80001102
80001103
80001104
80001105
80001106
80001107
80001108
80001109
80001110
80001111
80001112
80001113
80001114
80001115
80001116
80001117
80001118
80001119
80001120
80001121
80001122
80001123
80001124
80001125
80001126
80001127
80001128
80001129
80001130
80001131
80001132
80001133
80001134
80001135
80001136
80001137
80001138
80001139
80001140
80001141
80001142
80001143
80001144
80001145
80001146
80001147
80001148
80001149
80001150
80001151
80001152
80001153
80001154
80001155
80001156
80001157
80001158
80001159
80001160
80001161
80001162
80001163
80001164
80001165
80001166
80001167
80001168
80001169
80001171
80001172
80001173
80001174
80001175
80001176
80001177
80001178
80001170
80001180
80001181
80001182
80001183
80001010
80001184
80001185
80001186
80001179
80001187
80001188
80000001
80001189
80001190
80001191
80001192
80001193
80001194
80001195
80000002
80000003
80001196
80001197
80001198
80001199
80001200
80001201
80001202
80001203
80001204
80001205
80001206
80001207
80001208
80001209
80001210
80001211
80001212
80001213
80001214
80001215
80000004
80001216
80001217
80001218
80001219
80001220
80001221
80001222
80001223
80001224
80001225
80001226
80001228
80001227
80001229
80001230
80001231
80001232
80001233
80001234
80001235
80001236
80001237
80001238
80001239
80001240
80001241
80001242
80001243
80001244
80001245
80001246
80001247
80001248
80000005
80001249
80000006
80001250
80001251
80000007
80000008
30001531
30001532
30001533
30001534
30001535
30001536
30001537
30001538
30001539
30001540
30001541
30001542
30001543
80001253
80001252
80000009
80001254
80001255
80001256
80001257
80001258
80001259
80001260
80001261
30001544
30001545
80001262
80001662
30001546
80000010
30001547
30001548
30001549
30001550
30001551
30001552
30001553
30001554
30001555
30001556
30001557
30001558
30001559
30001560
30001561
30001562
30001563
30001564
30001565
80000011
80000012
30001566
30001567
30001568
30001569
30001570
30001571
30001572
30001573
30001574
30001575
30001576
30000040
80001663
80001664
80001665
80001666
80001667
80001668
80001669
30001577
30001578
30001579
80001670
80001671
80001672
80001673
30001580
80001674
80001675
80001676
80001677
80001678
80001679
80001680
30001581
80001681
80001682
80001683
80001684
80001685
80001686
80001687
80001688
80001689
80001690
80001691
80001692
80001693
80001694
80001695
80001696
80001697
80001698
80001699
30001582
80001700
80001701
30001583
80001702
80001703
30001584
80001704
30001585
30001586
30001587
30001588
30001589
30001590
30001591
30001592
30001593
30001594
80001705
80001706
30001595
80001707
80001708
30001596
30001597
30001598
80001709
80001711
30001599
80001712
80001713
30001600
30001601
80001714
80001715
30001602
30001603
30001604
80001716
80001717
80001718
80001719
30001605
30001606
30001607
30001608
30001609
30001610
30001611
80001720
30001612
30001613
30001614
80001721
80001722
80001723
80001724
80001725
80001726
80001727
80001728
80001729
30001615
